Synchronously: 3.4848008155822754
Threading: 3.4351091384887695
Multiprocessing: 0.6751883029937744
